acc_out_128 = [
51, 54, -3, 35, 42, -2, -27, -1, -19, 4, -2, -20, 3, -13, 1, -31, -118, -75, 2, -48, -45, 2, 28, 1, 20, -2, 1, 8, 2, 5, 0, 13,
108, 64, 1, 41, 47, -2, -28, -1, -22, 5, -2, -21, 7, -14, 1, -32, 43, 7, 3, 4, 9, 0, -3, 0, -4, 2, -1, -8, 8, -5, 0, -12,
-104, -101, 7, -65, -63, 3, 43, 2, 29, -3, 1, 16, 6, 10, -1, 24, 35, -23, 8, -15, -12, 1, 12, 0, 5, 0, 0, -1, 10, 0, 0, -1,
-41, -63, 7, -41, -38, 2, 28, 1, 18, -2, 1, 8, 6, 5, 0, 12, -49, -37, 2, -24, -21, 1, 14, 1, 10, -1, 0, 3, 1, 2, 0, 4
]

acc_out_256 = [
51, 54, -3, 35, 42, -2, -27, -1, -19, 4, -2, -20, 3, -13, 1, -31, -118, -75, 2, -48, -45, 2, 28, 1, 20, -2, 1, 8, 2, 5, 0, 13,
108, 64, 1, 41, 47, -2, -28, -1, -22, 5, -2, -21, 7, -14, 1, -32, 43, 7, 3, 4, 9, 0, -3, 0, -4, 2, -1, -8, 8, -5, 0, -12,
-104, -101, 7, -65, -63, 3, 43, 2, 29, -3, 1, 16, 6, 10, -1, 24, 35, -23, 8, -15, -12, 1, 12, 0, 5, 0, 0, -1, 10, 0, 0, -1,
-41, -63, 7, -41, -38, 2, 28, 1, 18, -2, 1, 8, 6, 5, 0, 12, -49, -37, 2, -24, -21, 1, 14, 1, 10, -1, 0, 3, 1, 2, 0, 4,
97, 85, -4, 55, 60, -3, -39, -2, -28, 5, -2, -24, -1, -15, 1, -36, 181, 167, -10, 108, 115, -5, -76, -3, -53, 9, -4, -42, -3, -27, 2, -64,
-36, 31, -8, 20, 25, -1, -21, -1, -11, 3, -1, -13, -9, -8, 1, -20, -192, -70, -7, -45, -42, 2, 20, 1, 19, -2, 1, 8, -13, 5, 0, 13,
63, 107, -11, 69, 77, -4, -54, -2, -35, 7, -3, -31, -9, -20, 1, -46, -4, 27, -5, 18, 24, -1, -18, -1, -11, 3, -1, -14, -5, -9, 1, -21,
-67, -59, 3, -38, -33, 2, 22, 1, 15, -1, 0, 4, 1, 3, 0, 6, 198, 111, 1, 71, 80, -3, -47, -2, -37, 7, -3, -33, 7, -21, 1, -50,
]

acc_out_512 = [
51, 54, -3, 35, 42, -2, -27, -1, -19, 4, -2, -20, 3, -13, 1, -31, -118, -75, 2, -48, -45, 2, 28, 1, 20, -2, 1, 8, 2, 5, 0, 13,
108, 64, 1, 41, 47, -2, -28, -1, -22, 5, -2, -21, 7, -14, 1, -32, 43, 7, 3, 4, 9, 0, -3, 0, -4, 2, -1, -8, 8, -5, 0, -12,
-104, -101, 7, -65, -63, 3, 43, 2, 29, -3, 1, 16, 6, 10, -1, 24, 35, -23, 8, -15, -12, 1, 12, 0, 5, 0, 0, -1, 10, 0, 0, -1,
-41, -63, 7, -41, -38, 2, 28, 1, 18, -2, 1, 8, 6, 5, 0, 12, -49, -37, 2, -24, -21, 1, 14, 1, 10, -1, 0, 3, 1, 2, 0, 4,
97, 85, -4, 55, 60, -3, -39, -2, -28, 5, -2, -24, -1, -15, 1, -36, 181, 167, -10, 108, 115, -5, -76, -3, -53, 9, -4, -42, -3, -27, 2, -64,
-36, 31, -8, 20, 25, -1, -21, -1, -11, 3, -1, -13, -9, -8, 1, -20, -192, -70, -7, -45, -42, 2, 20, 1, 19, -2, 1, 8, -13, 5, 0, 13,
63, 107, -11, 69, 77, -4, -54, -2, -35, 7, -3, -31, -9, -20, 1, -46, -4, 27, -5, 18, 24, -1, -18, -1, -11, 3, -1, -14, -5, -9, 1, -21,
-67, -59, 3, -38, -33, 2, 22, 1, 15, -1, 0, 4, 1, 3, 0, 6, 198, 111, 1, 71, 80, -3, -47, -2, -37, 7, -3, -33, 7, -21, 1, -50,
98, 51, 2, 33, 41, -2, -24, -1, -19, 5, -2, -21, 4, -13, 1, -32, -56, -48, 3, -31, -25, 1, 17, 1, 11, 0, 0, 0, 1, 0, 0, 0,
38, 7, 3, 5, 12, 0, -6, 0, -6, 3, -1, -12, 4, -8, 0, -19, 119, 47, 4, 30, 39, -2, -20, -1, -18, 5, -2, -21, 9, -14, 1, -32,
68, 8, 6, 5, 13, 0, -4, 0, -6, 3, -1, -13, 9, -9, 1, -20, -71, -59, 3, -38, -31, 1, 21, 1, 14, 0, 0, 1, 2, 1, 0, 2,
154, 133, -6, 86, 97, -4, -63, -3, -44, 9, -3, -41, 1, -26, 2, -62, 42, 18, 2, 12, 20, -1, -11, -1, -9, 3, -1, -16, 5, -10, 1, -24,
34, -12, 6, -8, 0, 0, 4, 0, 0, 2, -1, -9, 9, -6, 0, -14, 138, 81, 1, 52, 62, -3, -37, -2, -28, 6, -2, -29, 9, -19, 1, -44,
163, 125, -4, 80, 91, -4, -57, -3, -42, 8, -3, -38, 6, -24, 1, -58, 54, 65, -5, 42, 51, -2, -34, -2, -23, 5, -2, -25, 2, -16, 1, -38,
-200, -119, 1, -77, -72, 3, 44, 2, 33, -3, 1, 15, 1, 10, -1, 23, -21, 10, -3, 6, 14, -1, -10, 0, -6, 3, -1, -12, 4, -8, 0, -19,
-24, 8, -3, 5, 12, -1, -9, 0, -6, 2, -1, -11, 5, -7, 0, -18, 81, 83, -5, 54, 62, -3, -40, -2, -28, 6, -2, -28, 7, -18, 1, -42
]

acc_out_1024 = [
51, 54, -3, 35, 42, -2, -27, -1, -19, 4, -2, -20, 3, -13, 1, -31, -118, -75, 2, -48, -45, 2, 28, 1, 20, -2, 1, 8, 2, 5, 0, 13,
108, 64, 1, 41, 47, -2, -28, -1, -22, 5, -2, -21, 7, -14, 1, -32, 43, 7, 3, 4, 9, 0, -3, 0, -4, 2, -1, -8, 8, -5, 0, -12,
-104, -101, 7, -65, -63, 3, 43, 2, 29, -3, 1, 16, 6, 10, -1, 24, 35, -23, 8, -15, -12, 1, 12, 0, 5, 0, 0, -1, 10, 0, 0, -1,
-41, -63, 7, -41, -38, 2, 28, 1, 18, -2, 1, 8, 6, 5, 0, 12, -49, -37, 2, -24, -21, 1, 14, 1, 10, -1, 0, 3, 1, 2, 0, 4,
97, 85, -4, 55, 60, -3, -39, -2, -28, 5, -2, -24, -1, -15, 1, -36, 181, 167, -10, 108, 115, -5, -76, -3, -53, 9, -4, -42, -3, -27, 2, -64,
-36, 31, -8, 20, 25, -1, -21, -1, -11, 3, -1, -13, -9, -8, 1, -20, -192, -70, -7, -45, -42, 2, 20, 1, 19, -2, 1, 8, -13, 5, 0, 13,
63, 107, -11, 69, 77, -4, -54, -2, -35, 7, -3, -31, -9, -20, 1, -46, -4, 27, -5, 18, 24, -1, -18, -1, -11, 3, -1, -14, -5, -9, 1, -21,
-67, -59, 3, -38, -33, 2, 22, 1, 15, -1, 0, 4, 1, 3, 0, 6, 198, 111, 1, 71, 80, -3, -47, -2, -37, 7, -3, -33, 7, -21, 1, -50,
98, 51, 2, 33, 41, -2, -24, -1, -19, 5, -2, -21, 4, -13, 1, -32, -56, -48, 3, -31, -25, 1, 17, 1, 11, 0, 0, 0, 1, 0, 0, 0,
38, 7, 3, 5, 12, 0, -6, 0, -6, 3, -1, -12, 4, -8, 0, -19, 119, 47, 4, 30, 39, -2, -20, -1, -18, 5, -2, -21, 9, -14, 1, -32,
68, 8, 6, 5, 13, 0, -4, 0, -6, 3, -1, -13, 9, -9, 1, -20, -71, -59, 3, -38, -31, 1, 21, 1, 14, 0, 0, 1, 2, 1, 0, 2,
154, 133, -6, 86, 97, -4, -63, -3, -44, 9, -3, -41, 1, -26, 2, -62, 42, 18, 2, 12, 20, -1, -11, -1, -9, 3, -1, -16, 5, -10, 1, -24,
34, -12, 6, -8, 0, 0, 4, 0, 0, 2, -1, -9, 9, -6, 0, -14, 138, 81, 1, 52, 62, -3, -37, -2, -28, 6, -2, -29, 9, -19, 1, -44,
163, 125, -4, 80, 91, -4, -57, -3, -42, 8, -3, -38, 6, -24, 1, -58, 54, 65, -5, 42, 51, -2, -34, -2, -23, 5, -2, -25, 2, -16, 1, -38,
-200, -119, 1, -77, -72, 3, 44, 2, 33, -3, 1, 15, 1, 10, -1, 23, -21, 10, -3, 6, 14, -1, -10, 0, -6, 3, -1, -12, 4, -8, 0, -19,
-24, 8, -3, 5, 12, -1, -9, 0, -6, 2, -1, -11, 5, -7, 0, -18, 81, 83, -5, 54, 62, -3, -40, -2, -28, 6, -2, -28, 7, -18, 1, -42,
137, 94, -1, 61, 69, -3, -42, -2, -32, 6, -2, -30, 13, -19, 1, -45, 141, 68, 3, 44, 52, -2, -28, -2, -24, 5, -2, -24, 18, -15, 1, -37,
-37, -66, 8, -43, -38, 2, 30, 1, 17, -1, 0, 5, 18, 3, 0, 8, -162, -166, 12, -107, -104, 5, 73, 3, 48, -6, 2, 27, 19, 17, -1, 40,
36, -17, 7, -11, -5, 1, 10, 0, 2, 1, -1, -6, 22, -4, 0, -9, 130, 62, 4, 40, 48, -2, -25, -1, -22, 5, -2, -23, 22, -15, 1, -36,
187, 86, 5, 55, 65, -3, -34, -2, -30, 6, -2, -29, 26, -19, 1, -45, 310, 149, 7, 95, 106, -4, -58, -3, -49, 9, -4, -43, 31, -28, 2, -66,
268, 110, 9, 70, 81, -3, -41, -2, -37, 8, -3, -35, 32, -23, 1, -55, 243, 108, 7, 69, 81, -3, -42, -2, -37, 8, -3, -36, 30, -24, 1, -56,
98, 39, 5, 25, 36, -1, -17, -1, -17, 5, -2, -23, 23, -15, 1, -36, -94, -99, 9, -64, -55, 3, 40, 2, 25, -1, 0, 5, 20, 3, 0, 7,
62, 12, 6, 7, 20, -1, -7, -1, -9, 5, -2, -20, 21, -13, 1, -32, 120, 67, 2, 43, 58, -2, -33, -2, -27, 8, -3, -34, 19, -22, 1, -53,
134, 102, -2, 65, 83, -4, -51, -2, -38, 10, -4, -44, 14, -28, 2, -67, 67, 62, -2, 40, 58, -3, -36, -2, -27, 8, -3, -38, 11, -24, 1, -58,
95, 58, 2, 37, 57, -2, -33, -2, -26, 9, -3, -39, 14, -25, 2, -60, 59, 51, -1, 33, 54, -2, -33, -2, -25, 9, -3, -40, 9, -26, 2, -61,
-128, -60, -1, -39, -19, 1, 11, 1, 9, 4, -2, -18, 3, -12, 1, -27, 34, 54, -4, 35, 59, -3, -38, -2, -27, 10, -4, -45, 4, -29, 2, -68,
108, 79, -1, 51, 76, -3, -47, -2, -35, 11, -4, -52, 8, -33, 2, -79, 101, 51, 3, 32, 59, -2, -34, -2, -27, 10, -4, -47, 11, -30, 2, -72,
400, 261, -2, 167, 199, -9, -122, -6, -91, 21, -8, -94, 14, -60, 4, -143, 165, 98, 2, 63, 92, -4, -55, -3, -42, 13, -5, -60, 10, -39, 2, -92,
145, 87, 2, 56, 86, -4, -51, -2, -39, 13, -5, -59, 10, -38, 2, -90, 201, 135, -1, 87, 118, -5, -72, -3, -54, 15, -6, -70, 10, -45, 3, -107,
163, 137, -4, 88, 120, -6, -76, -4, -55, 16, -6, -71, 6, -46, 3, -109, 257, 245, -13, 157, 192, -9, -126, -6, -88, 21, -8, -95, 1, -61, 4, -145,
96, 129, -10, 83, 115, -5, -77, -3, -53, 15, -6, -71, 0, -45, 3, -107, 54, 87, -7, 56, 87, -4, -58, -3, -40, 13, -5, -61, 3, -39, 2, -93,
224, 197, -8, 127, 160, -7, -103, -5, -73, 18, -7, -85, 8, -55, 3, -129, -1, 23, -1, 15, 44, -2, -28, -1, -20, 10, -4, -47, 8, -30, 2, -72
]
